00000001111111110000000
00000111111111111100000
00001111111111111110000
00011111111111111111000
00111111111111111111100
01111111111111111111110
01111111111111111111110
11111111111111111111111
11111111111111111111111
11111111111111111111111
11111111111111111111111
11111111111111111111111
11111111111111111111111
11111111111111111111111
11111111111111111111111
11111111111111111111111
01111111111111111111110
01111111111111111111110
00111111111111111111100
00011111111111111111000
00001111111111111110000
00000111111111111100000
00000001111111110000000
